##FastQC	0.10.0
>>Basic Statistics	pass
#Measure	Value	
Filename	undetermined.SLX-6233.1069.s_1.r_1.fq.gz	
File type	Conventional base calls	
Encoding	Sanger / Illumina 1.9	
Total Sequences	9312	
Filtered Sequences	0	
Sequence length	36	
%GC	42	
>>END_MODULE
>>Per base sequence quality	fail
#Base	Mean	Median	Lower Quartile	Upper Quartile	10th Percentile	90th Percentile
1	30.113939003436425	33.0	31.0	34.0	28.0	34.0
2	31.461340206185568	34.0	31.0	34.0	28.0	34.0
3	32.193943298969074	34.0	31.0	34.0	28.0	34.0
4	36.00633591065292	37.0	35.0	37.0	35.0	37.0
5	35.5761383161512	37.0	35.0	37.0	33.0	37.0
6	35.81400343642612	37.0	35.0	37.0	35.0	37.0
7	35.608676975945016	37.0	35.0	37.0	33.0	37.0
8	35.74044243986254	37.0	35.0	37.0	33.0	37.0
9	37.33816580756014	39.0	37.0	39.0	34.0	39.0
10	37.29735824742268	39.0	37.0	39.0	33.0	39.0
11	37.23120704467354	39.0	37.0	39.0	33.0	39.0
12	37.421821305841924	39.0	37.0	39.0	35.0	39.0
13	37.291344501718214	39.0	37.0	39.0	34.0	39.0
14	38.55895618556701	40.0	38.0	41.0	34.0	41.0
15	38.67622422680412	40.0	38.0	41.0	34.0	41.0
16	38.45908505154639	40.0	38.0	41.0	34.0	41.0
17	38.7588058419244	40.0	38.0	41.0	35.0	41.0
18	38.77770618556701	40.0	38.0	41.0	35.0	41.0
19	38.802405498281786	40.0	38.0	41.0	35.0	41.0
20	38.656464776632305	40.0	38.0	41.0	34.0	41.0
21	38.54821735395189	40.0	38.0	41.0	34.0	41.0
22	38.10502577319588	40.0	38.0	41.0	33.0	41.0
23	38.16859965635739	40.0	38.0	41.0	33.0	41.0
24	38.06185567010309	40.0	38.0	41.0	33.0	41.0
25	38.10427405498282	40.0	38.0	41.0	33.0	41.0
26	37.76396048109966	40.0	37.0	41.0	32.0	41.0
27	37.54671391752577	40.0	37.0	41.0	32.0	41.0
28	37.63198024054983	40.0	37.0	41.0	32.0	41.0
29	37.29542525773196	40.0	37.0	41.0	32.0	41.0
30	37.35706615120275	40.0	37.0	41.0	32.0	41.0
31	36.51621563573883	39.0	36.0	41.0	30.0	41.0
32	35.070768900343644	39.0	35.0	40.0	25.0	41.0
33	31.393900343642613	38.0	32.0	40.0	2.0	41.0
34	27.182774914089347	38.0	2.0	40.0	2.0	41.0
35	26.704037800687285	37.0	2.0	40.0	2.0	41.0
36	24.413122852233677	33.0	2.0	38.0	2.0	40.0
>>END_MODULE
>>Per sequence quality scores	pass
#Quality	Count
2	1.0
3	0.0
4	0.0
5	0.0
6	0.0
7	0.0
8	0.0
9	0.0
10	0.0
11	0.0
12	0.0
13	0.0
14	0.0
15	2.0
16	2.0
17	1.0
18	3.0
19	5.0
20	4.0
21	16.0
22	28.0
23	26.0
24	51.0
25	66.0
26	85.0
27	121.0
28	197.0
29	207.0
30	326.0
31	400.0
32	507.0
33	507.0
34	635.0
35	678.0
36	496.0
37	818.0
38	2081.0
39	2049.0
>>END_MODULE
>>Per base sequence content	warn
#Base	G	A	T	C
1	18.341621371573957	30.160749392853013	23.846420723950505	27.651208511622528
2	20.070876288659793	29.435137457044675	30.702319587628867	19.791666666666664
3	20.156786941580755	29.467353951890036	28.60824742268041	21.7676116838488
4	20.2319587628866	29.896907216494846	29.63917525773196	20.2319587628866
5	21.778350515463917	29.617697594501717	28.780068728522334	19.823883161512025
6	20.897766323024054	29.370704467353953	28.58676975945017	21.144759450171822
7	20.30713058419244	29.445876288659793	29.080756013745706	21.16623711340206
8	19.329896907216497	29.800257731958762	29.78951890034364	21.0803264604811
9	19.888316151202748	28.694158075601372	29.810996563573884	21.606529209621993
10	20.790378006872853	29.28479381443299	28.908934707903782	21.015893470790378
11	20.221219931271477	28.962628865979383	28.62972508591065	22.186426116838486
12	20.31786941580756	29.70360824742268	28.60824742268041	21.370274914089347
13	20.929982817869416	27.82431271477663	28.984106529209626	22.261597938144327
14	20.199742268041238	28.543814432989688	28.984106529209626	22.272336769759452
15	21.875	28.53307560137457	28.15721649484536	21.43470790378007
16	21.01121172919362	29.064251832686505	28.41742130228547	21.50711513583441
17	21.273625429553263	29.25257731958763	28.14647766323024	21.327319587628864
18	20.897766323024054	29.26331615120275	27.738402061855673	22.100515463917525
19	21.05884879725086	29.327749140893474	28.618986254295532	20.994415807560138
20	22.025343642611684	27.82431271477663	28.060567010309278	22.089776632302403
21	21.144759450171822	29.30627147766323	27.953178694158076	21.595790378006875
22	21.638745704467354	28.747852233676973	28.597508591065292	21.015893470790378
23	22.132731958762886	29.112972508591067	27.298109965635735	21.45618556701031
24	21.338058419243985	28.801546391752574	28.747852233676973	21.11254295532646
25	21.49914089347079	28.543814432989688	28.780068728522334	21.176975945017183
26	21.295103092783503	28.769329896907216	28.737113402061855	21.198453608247423
27	21.188630490956072	27.86391042204996	28.962101636520245	21.98535745047373
28	21.73632055148643	28.02671262386902	28.371391641533823	21.865575183110728
29	21.74100409394527	28.786899375134666	28.48524024994613	20.986856280973928
30	21.90024776473123	27.92200797156092	28.20208984164602	21.975654422061833
31	21.552835051546392	28.393470790378007	29.17740549828179	20.876288659793815
32	22.240120274914087	28.243127147766323	29.102233676975946	20.41451890034364
33	21.91390964069726	28.25803391438397	28.578204672121426	21.249851772797342
34	21.080919677515677	29.262466407882947	27.485816661690055	22.170797252911317
35	21.976709465512094	28.680203045685282	28.396536279486412	20.946551209316215
36	22.368806801524478	27.76311931984755	27.80709469363823	22.06097918498974
>>END_MODULE
>>Per base GC content	pass
#Base	%GC
1	45.992829883196485
2	39.86254295532646
3	41.92439862542955
4	40.4639175257732
5	41.60223367697595
6	42.04252577319588
7	41.473367697594504
8	40.4102233676976
9	41.49484536082475
10	41.80627147766323
11	42.40764604810997
12	41.68814432989691
13	43.19158075601375
14	42.47207903780069
15	43.30970790378007
16	42.51832686502803
17	42.60094501718213
18	42.99828178694158
19	42.053264604811
20	44.11512027491409
21	42.74054982817869
22	42.65463917525773
23	43.5889175257732
24	42.45060137457045
25	42.67611683848797
26	42.493556701030926
27	43.1739879414298
28	43.60189573459716
29	42.727860374919196
30	43.87590218679306
31	42.4291237113402
32	42.65463917525773
33	43.163761413494605
34	43.251716930426994
35	42.923260674828306
36	44.42978598651422
>>END_MODULE
>>Per sequence GC content	pass
#GC Content	Count
0	8.0
1	7.5
2	7.0
3	7.0
4	6.0
5	5.0
6	5.0
7	6.0
8	7.0
9	7.0
10	12.0
11	17.0
12	17.0
13	26.5
14	36.0
15	55.5
16	75.0
17	75.0
18	107.5
19	140.0
20	140.0
21	181.5
22	223.0
23	223.0
24	279.5
25	336.0
26	398.0
27	460.0
28	460.0
29	529.0
30	598.0
31	598.0
32	656.5
33	715.0
34	715.0
35	787.5
36	860.0
37	860.0
38	851.5
39	843.0
40	877.5
41	912.0
42	912.0
43	901.5
44	891.0
45	891.0
46	833.5
47	776.0
48	776.0
49	722.0
50	668.0
51	596.5
52	525.0
53	525.0
54	469.5
55	414.0
56	414.0
57	333.5
58	253.0
59	253.0
60	237.5
61	222.0
62	222.0
63	171.0
64	120.0
65	105.5
66	91.0
67	91.0
68	72.5
69	54.0
70	54.0
71	40.0
72	26.0
73	26.0
74	24.0
75	22.0
76	12.5
77	3.0
78	3.0
79	2.5
80	2.0
81	2.0
82	1.0
83	0.0
84	0.0
85	0.5
86	1.0
87	1.0
88	1.0
89	1.0
90	1.0
91	1.0
92	1.0
93	0.5
94	0.0
95	0.0
96	0.0
97	0.0
98	0.0
99	0.0
100	0.0
>>END_MODULE
>>Per base N content	fail
#Base	N-Count
1	7.141323024054983
2	0.0
3	0.0
4	0.0
5	0.0
6	0.0
7	0.0
8	0.0
9	0.0
10	0.0
11	0.0
12	0.0
13	0.0
14	0.0
15	0.0
16	0.3865979381443299
17	0.0
18	0.0
19	0.0
20	0.0
21	0.0
22	0.0
23	0.0
24	0.0
25	0.0
26	0.0
27	0.25773195876288657
28	0.30068728522336774
29	0.3221649484536082
30	0.311426116838488
31	0.0
32	0.0
33	9.439432989690722
34	28.0713058419244
35	28.0713058419244
36	26.739690721649485
>>END_MODULE
>>Sequence Length Distribution	pass
#Length	Count
36	9312.0
>>END_MODULE
>>Sequence Duplication Levels	pass
#Total Duplicate Percentage	2.8780068728522337
#Duplication Level	Relative count
1	100.0
2	1.3047324192835028
3	0.08845643520566121
4	0.0
5	0.0
6	0.0
7	0.0
8	0.011057054400707651
9	0.0
10++	0.0
>>END_MODULE
>>Overrepresented sequences	pass
>>END_MODULE
>>Kmer Content	warn
#Sequence	Count	Obs/Exp Overall	Obs/Exp Max	Max Obs/Exp Position
GCTGG	515	3.1670146	6.3516617	29
GGCTG	470	2.8902848	7.630198	28
AAAAA	1640	2.8478835	5.106238	8
CTGGG	435	2.6750507	5.722648	23
CCTGG	410	2.5069842	6.624222	17
TGGGG	400	2.4738746	6.714579	26
CCAGG	400	2.469913	6.7110505	15
GCCTC	400	2.4319398	6.607873	12
CCCAG	385	2.363782	5.7012095	9
CTGCC	385	2.3407419	5.226041	31
GGGAG	360	2.2484028	6.7661057	5
AGGAG	490	2.2222574	5.6150985	19
CCTGC	365	2.2191448	6.6078725	12
CTCCT	500	2.1859272	5.424487	27
CTCCC	355	2.1460817	5.6317053	12
GCCAG	345	2.1303	5.752329	15
CCCCA	345	2.1061575	6.613615	11
GGAAG	460	2.0862012	5.864986	30
CCTCC	345	2.0856285	7.8178344	30
GGCAG	335	2.0803742	5.7852044	16
GCCTG	340	2.0789628	5.677905	19
GCAGC	330	2.0376782	5.7337933	2
GTGGC	330	2.0293489	6.676423	26
GAATG	620	2.0219145	5.6231337	30
GGGGG	235	2.0212164	5.341654	15
CAGCC	325	1.9954005	5.7196407	16
GGCCT	325	1.9872437	5.6779046	20
CAGAA	595	1.9483501	5.0677958	2
CCACC	315	1.9230134	5.6871386	16
GAAAA	775	1.8533326	5.19817	13
GCCCC	215	1.8075216	5.2044415	9
GGGGC	210	1.7959294	6.6391244	14
GGTGG	290	1.7935591	5.7553535	25
GGAGA	395	1.7914116	6.822073	31
CATTC	555	1.7719859	5.4529405	14
CAGCT	380	1.6872447	5.947745	1
CCCAA	370	1.6495864	5.7655663	30
GTGCC	265	1.620368	5.271633	30
CCAAG	360	1.6141759	5.5694094	16
GGGCC	180	1.5306206	5.2640996	3
GATGG	340	1.5269449	5.807818	30
ACAGA	460	1.5062875	5.482996	1
CCATG	330	1.4652389	5.741999	30
CCCCC	165	1.379285	7.206882	30
AAGGG	255	1.1564808	5.8649845	30
AGGGC	175	1.0867625	5.337976	31
GCCGC	120	1.0146149	5.2341857	11
GACGG	135	0.8383597	5.3539457	30
GTCCC	130	0.79038036	5.226041	32
CGGCG	75	0.6377585	5.264099	6
>>END_MODULE
